image: IPZ.png
resolution: 0.05000000074505806
origin: [-7.349615478515625, -9.534021759033203, 0.0]
negate: 0
occupied_thresh: 0.45
free_thresh: 0.196
