image: ICRA2022.png
resolution: 0.05000000074505806
origin: [-9.65, -5.703772735595703, 0]
negate: 0
occupied_thresh: 0.65
free_thresh: 0.196

starting_positions:
 - [0.916266,-2.063036,-0.379625]
