image: Milan.png
resolution: 0.05000000074505806
origin: [-2.959278106689453, -8.801399993896485, -0.0]
negate: 0
occupied_thresh: 0.45
free_thresh: 0.196
